0
0
0
0
0
0
0
0
0
0
0
0
0
0
0
0
0
0
0
0
0
0
0
0
0
0
0
0
0
0
0
0
0
0
0
0
0
0
0
0
0
0
0
0
0
0
0
0
0
0
0
0
0
0
0
0
0
0.00721
0.00721
0.00721
0.00721
0.00721
0.00721
0.00721
0.00721
0.00721
0.00721
0.00721
0.00721
0.00721
0.00721
0.00721
0.00721
0.01014
0.01014
0.01014
0.01014
0.01014
0.01014
0.01014
0.01014
0.01014
0.01014
0.01014
0.01014
0.01014
0.01014
0.01014
0.01014
0.01014
0.00396
0.00396
0.00396
0.00396
0.00396
0.00396
0.00396
0.00396
0.00396
0.00396
0.00396
0.00396
0.00396
0.00396
0.00396
0.00396
0.00396
0.00396
0.00396
0
0
0
0
0
0
0
0
0
0
0
0
0
0
0
0
0
0
0
0
0
0
0
0
0
0
0
0
0.00335
0.00335
0.00335
0.00335
0.00335
0.00335
0.00335
0.00335
0.00335
0.00335
0.00335
0.00335
0.00335
0.00335
0.00335
0.00335
0.00335
0
0
0
0
0
0
0
0
0
0
0
0
0
0
0
0
0
0
0
0
0
0
0
0
0
0
0
0
0
0
0
0
0
0
0
0
0
0
0
0
0
0
0
0
0
0
0
0
0
0
0
