0
0
0
0
0
0
0
0
0
0
0
0
0
0
0
0
0
0
0
0
0
0
0
0
0
0
0
0
0
0
0
0
0
0
0
0
0
0
0
0
0
0
0
0
0
0
0
0
0
0
0
0
0
0
0
0
0
0.00721
0.00721
0.00721
0.00721
0.00721
0.00721
0.00721
0.00721
0.00721
0.00721
0.00721
0.00721
0.00721
0.00721
0.00721
0.00721
0
0
0
0
0
0
0
0
0
0
0
0
0
0
0
0
0
0
0
0.00396
0.00396
0.00396
0.00396
0.00396
0.00396
0.00396
0.00396
0.00396
0.00396
0.00396
0.00396
0.00396
0.00396
0.00396
0.00396
0.00396
0.00396
0.00396
0
0
0
0
0
0
0
0
0
0
0
0
0
0
0
0
0
0
0.01014
0.01014
0.01014
0.01014
0.01014
0.01014
0.01014
0.01014
0.01014
0.01014
0.01014
0.01014
0.01014
0.01014
0.01014
0.01014
0.01014
0
0
0
0
0
0
0
0
0
0
0
0
0
0
0
0
0
0
0
0
0
0
0
0
0
0
0
0
0
0
0
0
0
0
0
0
0
0
0
0
0
0
0
0
0
0
0
0
0
0
0
0
0
0
0
0
0
0
0
